conditions/HXY1.grd
DSAA
385   420
0   384
0   419
0   800
[rows 187 to 203 of 420, columns 0 to 38 of 385]
1.08901334374996E+0003 1.08897854506787E+0003 1.08892054726438E+0003 1.08883935033950E+0003 1.08873495429322E+0003 1.08860735912555E+0003 1.08845656483648E+0003 1.08828257142602E+0003 1.08808537889416E+0003 1.08786498724091E+0003 1.08762139646626E+0003 1.08735460657022E+0003 1.08706461755278E+0003 1.08675142941395E+0003 1.08641504215372E+0003 1.08605545577210E+0003 1.08567267026908E+0003 1.08526668564467E+0003 1.08483750189886E+0003 1.08438511903166E+0003 1.08390953704307E+0003 1.08341075593307E+0003 1.08288877570169E+0003 1.08234359634890E+0003 1.08177521787473E+0003 1.08118364027916E+0003 1.08056886356219E+0003 1.07993088772383E+0003 1.07926971276407E+0003 1.07858533868292E+0003 1.07787776548037E+0003 1.07714699315643E+0003 1.07639302171109E+0003 1.07561585114436E+0003 1.07481548145623E+0003 1.07399191264671E+0003 1.07314514471580E+0003 1.07227517766348E+0003 1.07138201148978E+0003
1.08998846812426E+0003 1.08995387249706E+0003 1.08989621311838E+0003 1.08981548998824E+0003 1.08971170310662E+0003 1.08958485247353E+0003 1.08943493808897E+0003 1.08926195995294E+0003 1.08906591806544E+0003 1.08884681242647E+0003 1.08860464303603E+0003 1.08833940989412E+0003 1.08805111300073E+0003 1.08773975235588E+0003 1.08740532795956E+0003 1.08704783981176E+0003 1.08666728791250E+0003 1.08626367226176E+0003 1.08583699285956E+0003 1.08538724970588E+0003 1.08491444280073E+0003 1.08441857214411E+0003 1.08389963773602E+0003 1.08335763957647E+0003 1.08279257766544E+0003 1.08220445200294E+0003 1.08159326258896E+0003 1.08095900942352E+0003 1.08030169250661E+0003 1.07962131183823E+0003 1.07891786741837E+0003 1.07819135924705E+0003 1.07744178732426E+0003 1.07666915164999E+0003 1.07587345222425E+0003 1.07505468904705E+0003 1.07421286211837E+0003 1.07334797143822E+0003 1.07246001700660E+0003
1.09091824089841E+0003 1.09088384794737E+0003 1.09082652636232E+0003 1.09074627614323E+0003 1.09064309729013E+0003 1.09051698980300E+0003 1.09036795368185E+0003 1.09019598892668E+0003 1.09000109553748E+0003 1.08978327351426E+0003 1.08954252285701E+0003 1.08927884356575E+0003 1.08899223564046E+0003 1.08868269908114E+0003 1.08835023388781E+0003 1.08799484006045E+0003 1.08761651759906E+0003 1.08721526650366E+0003 1.08679108677423E+0003 1.08634397841078E+0003 1.08587394141330E+0003 1.08538097578180E+0003 1.08486508151628E+0003 1.08432625861673E+0003 1.08376450708316E+0003 1.08317982691557E+0003 1.08257221811396E+0003 1.08194168067832E+0003 1.08128821460866E+0003 1.08061181990497E+0003 1.07991249656726E+0003 1.07919024459553E+0003 1.07844506398978E+0003 1.07767695475000E+0003 1.07688591687620E+0003 1.07607195036837E+0003 1.07523505522653E+0003 1.07437523145066E+0003 1.07349247904076E+0003
1.09180266207029E+0003 1.09176847141040E+0003 1.09171148697725E+0003 1.09163170877084E+0003 1.09152913679117E+0003 1.09140377103824E+0003 1.09125561151206E+0003 1.09108465821261E+0003 1.09089091113990E+0003 1.09067437029394E+0003 1.09043503567471E+0003 1.09017290728223E+0003 1.08988798511648E+0003 1.08958026917748E+0003 1.08924975946521E+0003 1.08889645597969E+0003 1.08852035872091E+0003 1.08812146768887E+0003 1.08769978288356E+0003 1.08725530430500E+0003 1.08678803195318E+0003 1.08629796582810E+0003 1.08578510592976E+0003 1.08524945225816E+0003 1.08469100481330E+0003 1.08410976359518E+0003 1.08350572860380E+0003 1.08287889983917E+0003 1.08222927730127E+0003 1.08155686099011E+0003 1.08086165090569E+0003 1.08014364704802E+0003 1.07940284941708E+0003 1.07863925801289E+0003 1.07785287283543E+0003 1.07704369388472E+0003 1.07621172116074E+0003 1.07535695466351E+0003 1.07447939439302E+0003
1.09264173163787E+0003 1.09260774287801E+0003 1.09255109494492E+0003 1.09247178783858E+0003 1.09236982155901E+0003 1.09224519610620E+0003 1.09209791148015E+0003 1.09192796768086E+0003 1.09173536470834E+0003 1.09152010256257E+0003 1.09128218124357E+0003 1.09102160075133E+0003 1.09073836108585E+0003 1.09043246224713E+0003 1.09010390423518E+0003 1.08975268704998E+0003 1.08937881069155E+0003 1.08898227515988E+0003 1.08856308045497E+0003 1.08812122657682E+0003 1.08765671352544E+0003 1.08716954130082E+0003 1.08665970990295E+0003 1.08612721933185E+0003 1.08557206958751E+0003 1.08499426066994E+0003 1.08439379257912E+0003 1.08377066531507E+0003 1.08312487887777E+0003 1.08245643326724E+0003 1.08176532848348E+0003 1.08105156452647E+0003 1.08031514139622E+0003 1.07955605909274E+0003 1.07877431761602E+0003 1.07796991696606E+0003 1.07714285714286E+0003 1.07629313814642E+0003 1.07542075997674E+0003
1.09343544959920E+0003 1.09340166234239E+0003 1.09334535024771E+0003 1.09326651331515E+0003 1.09316515154471E+0003 1.09304126493641E+0003 1.09289485349023E+0003 1.09272591720617E+0003 1.09253445608424E+0003 1.09232047012444E+0003 1.09208395932676E+0003 1.09182492369121E+0003 1.09154336321778E+0003 1.09123927790648E+0003 1.09091266775730E+0003 1.09056353277026E+0003 1.09019187294533E+0003 1.08979768828254E+0003 1.08938097878187E+0003 1.08894174444332E+0003 1.08847998526690E+0003 1.08799570125261E+0003 1.08748889240044E+0003 1.08695955871040E+0003 1.08640770018249E+0003 1.08583331681670E+0003 1.08523640861303E+0003 1.08461697557149E+0003 1.08397501769208E+0003 1.08331053497480E+0003 1.08262352741964E+0003 1.08191399502660E+0003 1.08118193779569E+0003 1.08042735572691E+0003 1.07965024882026E+0003 1.07885061707573E+0003 1.07802846049332E+0003 1.07718377907304E+0003 1.07631657281489E+0003
1.09418381595240E+0003 1.09415022979599E+0003 1.09409425286863E+0003 1.09401588517034E+0003 1.09391512670110E+0003 1.09379197746092E+0003 1.09364643744981E+0003 1.09347850666775E+0003 1.09328818511474E+0003 1.09307547279080E+0003 1.09284036969592E+0003 1.09258287583009E+0003 1.09230299119332E+0003 1.09200071578562E+0003 1.09167604960697E+0003 1.09132899265738E+0003 1.09095954493684E+0003 1.09056770644537E+0003 1.09015347718295E+0003 1.08971685714960E+0003 1.08925784634530E+0003 1.08877644477006E+0003 1.08827265242388E+0003 1.08774646930676E+0003 1.08719789541870E+0003 1.08662693075969E+0003 1.08603357532975E+0003 1.08541782912886E+0003 1.08477969215703E+0003 1.08411916441426E+0003 1.08343624590055E+0003 1.08273093661590E+0003 1.08200323656030E+0003 1.08125314573377E+0003 1.08048066413629E+0003 1.07968579176787E+0003 1.07886852862851E+0003 1.07802887471821E+0003 1.07716683003697E+0003
1.09488683069563E+0003 1.09485344523152E+0003 1.09479780279132E+0003 1.09471990337505E+0003 1.09461974698270E+0003 1.09449733361427E+0003 1.09435266326976E+0003 1.09418573594917E+0003 1.09399655165251E+0003 1.09378511037976E+0003 1.09355141213094E+0003 1.09329545690604E+0003 1.09301724470507E+0003 1.09271677552801E+0003 1.09239404937488E+0003 1.09204906624566E+0003 1.09168182614037E+0003 1.09129232905900E+0003 1.09088057500156E+0003 1.09044656396803E+0003 1.08999029595843E+0003 1.08951177097275E+0003 1.08901098901099E+0003 1.08848795007315E+0003 1.08794265415924E+0003 1.08737510126924E+0003 1.08678529140317E+0003 1.08617322456102E+0003 1.08553890074279E+0003 1.08488231994848E+0003 1.08420348217810E+0003 1.08350238743163E+0003 1.08277903570909E+0003 1.08203342701047E+0003 1.08126556133577E+0003 1.08047543868500E+0003 1.07966305905814E+0003 1.07882842245521E+0003 1.07797152887620E+0003
1.09554449382716E+0003 1.09551130864198E+0003 1.09545600000000E+0003 1.09537856790123E+0003 1.09527901234568E+0003 1.09515733333333E+0003 1.09501353086420E+0003 1.09484760493827E+0003 1.09465955555556E+0003 1.09444938271605E+0003 1.09421708641975E+0003 1.09396266666667E+0003 1.09368612345679E+0003 1.09338745679012E+0003 1.09306666666667E+0003 1.09272375308642E+0003 1.09235871604938E+0003 1.09197155555556E+0003 1.09156227160494E+0003 1.09113086419753E+0003 1.09067733333333E+0003 1.09020167901235E+0003 1.08970390123457E+0003 1.08918400000000E+0003 1.08864197530864E+0003 1.08807782716049E+0003 1.08749155555556E+0003 1.08688316049383E+0003 1.08625264197531E+0003 1.08560000000000E+0003 1.08492523456790E+0003 1.08422834567901E+0003 1.08350933333333E+0003 1.08276819753086E+0003 1.08200493827161E+0003 1.08121955555556E+0003 1.08041204938272E+0003 1.07958241975309E+0003 1.07873066666667E+0003
1.09615680534529E+0003 1.09612382002061E+0003 1.09606884447947E+0003 1.09599187872189E+0003 1.09589292274785E+0003 1.09577197655735E+0003 1.09562904015040E+0003 1.09546411352700E+0003 1.09527719668715E+0003 1.09506828963084E+0003 1.09483739235808E+0003 1.09458450486886E+0003 1.09430962716319E+0003 1.09401275924107E+0003 1.09369390110249E+0003 1.09335305274746E+0003 1.09299021417598E+0003 1.09260538538804E+0003 1.09219856638365E+0003 1.09176975716281E+0003 1.09131895772551E+0003 1.09084616807176E+0003 1.09035138820155E+0003 1.08983461811490E+0003 1.08929585781178E+0003 1.08873510729222E+0003 1.08815236655620E+0003 1.08754763560373E+0003 1.08692091443480E+0003 1.08627220304942E+0003 1.08560150144759E+0003 1.08490880962930E+0003 1.08419412759456E+0003 1.08345745534337E+0003 1.08269879287572E+0003 1.08191814019162E+0003 1.08111549729107E+0003 1.08029086417406E+0003 1.07944424084060E+0003
1.09672376524839E+0003 1.09669097936091E+0003 1.09663633621511E+0003 1.09655983581100E+0003 1.09646147814856E+0003 1.09634126322780E+0003 1.09619919104873E+0003 1.09603526161133E+0003 1.09584947491562E+0003 1.09564183096159E+0003 1.09541232974923E+0003 1.09516097127856E+0003 1.09488775554957E+0003 1.09459268256226E+0003 1.09427575231663E+0003 1.09393696481268E+0003 1.09357632005041E+0003 1.09319381802982E+0003 1.09278945875091E+0003 1.09236324221369E+0003 1.09191516841814E+0003 1.09144523736428E+0003 1.09095344905209E+0003 1.09043980348159E+0003 1.08990430065276E+0003 1.08934694056562E+0003 1.08876772322016E+0003 1.08816664861638E+0003 1.08754371675428E+0003 1.08689892763386E+0003 1.08623228125512E+0003 1.08554377761806E+0003 1.08483341672268E+0003 1.08410119856899E+0003 1.08334712315697E+0003 1.08257119048663E+0003 1.08177340055798E+0003 1.08095375337100E+0003 1.08011224892571E+0003
1.09724537353491E+0003 1.09721278665663E+0003 1.09715847519284E+0003 1.09708243914353E+0003 1.09698467850871E+0003 1.09686519328837E+0003 1.09672398348252E+0003 1.09656104909115E+0003 1.09637639011426E+0003 1.09617000655186E+0003 1.09594189840394E+0003 1.09569206567050E+0003 1.09542050835155E+0003 1.09512722644708E+0003 1.09481221995709E+0003 1.09447548888159E+0003 1.09411703322058E+0003 1.09373685297404E+0003 1.09333494814199E+0003 1.09291131872443E+0003 1.09246596472135E+0003 1.09199888613275E+0003 1.09151008295863E+0003 1.09099955519900E+0003 1.09046730285386E+0003 1.08991332592319E+0003 1.08933762440702E+0003 1.08874019830532E+0003 1.08812104761811E+0003 1.08748017234538E+0003 1.08681757248714E+0003 1.08613324804338E+0003 1.08542719901410E+0003 1.08469942539931E+0003 1.08394992719900E+0003 1.08317870441318E+0003 1.08238575704184E+0003 1.08157108508498E+0003 1.08073468854261E+0003
1.09772163020333E+0003 1.09768924190175E+0003 1.09763526139911E+0003 1.09755968869542E+0003 1.09746252379068E+0003 1.09734376668488E+0003 1.09720341737803E+0003 1.09704147587013E+0003 1.09685794216117E+0003 1.09665281625115E+0003 1.09642609814009E+0003 1.09617778782797E+0003 1.09590788531479E+0003 1.09561639060056E+0003 1.09530330368528E+0003 1.09496862456894E+0003 1.09461235325155E+0003 1.09423448973310E+0003 1.09383503401361E+0003 1.09341398609305E+0003 1.09297134597144E+0003 1.09250711364878E+0003 1.09202128912507E+0003 1.09151387240030E+0003 1.09098486347448E+0003 1.09043426234760E+0003 1.08986206901967E+0003 1.08926828349068E+0003 1.08865290576064E+0003 1.08801593582955E+0003 1.08735737369740E+0003 1.08667721936420E+0003 1.08597547282994E+0003 1.08525213409464E+0003 1.08450720315827E+0003 1.08374068002085E+0003 1.08295256468238E+0003 1.08214285714286E+0003 1.08131155740228E+0003
1.09815253525221E+0003 1.09812034509047E+0003 1.09806669482090E+0003 1.09799158444351E+0003 1.09789501395828E+0003 1.09777698336524E+0003 1.09763749266436E+0003 1.09747654185566E+0003 1.09729413093913E+0003 1.09709025991477E+0003 1.09686492878259E+0003 1.09661813754257E+0003 1.09634988619474E+0003 1.09606017473907E+0003 1.09574900317558E+0003 1.09541637150426E+0003 1.09506227972511E+0003 1.09468672783814E+0003 1.09428971584334E+0003 1.09387124374071E+0003 1.09343131153026E+0003 1.09296991921197E+0003 1.09248706678587E+0003 1.09198275425193E+0003 1.09145698161017E+0003 1.09090974886058E+0003 1.09034105600316E+0003 1.08975090303791E+0003 1.08913928996484E+0003 1.08850621678395E+0003 1.08785168349522E+0003 1.08717569009867E+0003 1.08647823659429E+0003 1.08575932298208E+0003 1.08501894926205E+0003 1.08425711543419E+0003 1.08347382149850E+0003 1.08266906745499E+0003 1.08184285330364E+0003
1.09853808868016E+0003 1.09850609621723E+0003 1.09845277544569E+0003 1.09837812636553E+0003 1.09828214897675E+0003 1.09816484327936E+0003 1.09802620927335E+0003 1.09786624695872E+0003 1.09768495633548E+0003 1.09748233740361E+0003 1.09725839016313E+0003 1.09701311461404E+0003 1.09674651075632E+0003 1.09645857858999E+0003 1.09614931811505E+0003 1.09581872933148E+0003 1.09546681223930E+0003 1.09509356683850E+0003 1.09469899312908E+0003 1.09428309111105E+0003 1.09384586078440E+0003 1.09338730214913E+0003 1.09290741520525E+0003 1.09240619995275E+0003 1.09188365639163E+0003 1.09133978452189E+0003 1.09077458434354E+0003 1.09018805585657E+0003 1.08958019906098E+0003 1.08895101395678E+0003 1.08830050054396E+0003 1.08762865882252E+0003 1.08693548879247E+0003 1.08622099045379E+0003 1.08548516380651E+0003 1.08472800885060E+0003 1.08394952558608E+0003 1.08314971401294E+0003 1.08232857413118E+0003
1.09887829048584E+0003 1.09884649527670E+0003 1.09879350326146E+0003 1.09871931444012E+0003 1.09862392881268E+0003 1.09850734637915E+0003 1.09836956713953E+0003 1.09821059109380E+0003 1.09803041824199E+0003 1.09782904858407E+0003 1.09760648212006E+0003 1.09736271884995E+0003 1.09709775877374E+0003 1.09681160189144E+0003 1.09650424820305E+0003 1.09617569770855E+0003 1.09582595040796E+0003 1.09545500630128E+0003 1.09506286538849E+0003 1.09464952766961E+0003 1.09421499314464E+0003 1.09375926181356E+0003 1.09328233367640E+0003 1.09278420873313E+0003 1.09226488698377E+0003 1.09172436842831E+0003 1.09116265306676E+0003 1.09057974089911E+0003 1.08997563192536E+0003 1.08935032614552E+0003 1.08870382355958E+0003 1.08803612416754E+0003 1.08734722796941E+0003 1.08663713496518E+0003 1.08590584515486E+0003 1.08515335853843E+0003 1.08437967511592E+0003 1.08358479488730E+0003 1.08276871785259E+0003
1.09917314066797E+0003 1.09914154226373E+0003 1.09908887825665E+0003 1.09901514864674E+0003 1.09892035343400E+0003 1.09880449261843E+0003 1.09866756620003E+0003 1.09850957417880E+0003 1.09833051655474E+0003 1.09813039332785E+0003 1.09790920449813E+0003 1.09766695006557E+0003 1.09740363003019E+0003 1.09711924439197E+0003 1.09681379315093E+0003 1.09648727630705E+0003 1.09613969386034E+0003 1.09577104581080E+0003 1.09538133215843E+0003 1.09497055290323E+0003 1.09453870804520E+0003 1.09408579758434E+0003 1.09361182152065E+0003 1.09311677985412E+0003 1.09260067258477E+0003 1.09206349971259E+0003 1.09150526123757E+0003 1.09092595715972E+0003 1.09032558747905E+0003 1.08970415219554E+0003 1.08906165130920E+0003 1.08839808482003E+0003 1.08771345272803E+0003 1.08700775503320E+0003 1.08628099173554E+0003 1.08553316283504E+0003 1.08476426833172E+0003 1.08397430822557E+0003 1.08316328251658E+0003
