conditions/HXY1.grd
DSAA
385   420
0   384
0   419
0   800
[rows 34 to 50 of 420, columns 117 to 155 of 385]
1.85351862394976E+0002 1.81603781722823E+0002 1.77824071677909E+0002 1.74012732260235E+0002 1.70169763469800E+0002 1.66295165306604E+0002 1.62388937770647E+0002 1.58451080861929E+0002 1.54481594580451E+0002 1.50480478926212E+0002 1.46447733899212E+0002 1.42383359499451E+0002 1.38287355726929E+0002 1.34159722581647E+0002 1.30000460063604E+0002 1.25809568172799E+0002 1.21587046909235E+0002 1.17332896272909E+0002 1.13047116263823E+0002 1.08729706881976E+0002 1.04380668127368E+0002 1.00000000000000E+0002 0.00000000000000E+0000 0.00000000000000E+0000 0.00000000000000E+0000 0.00000000000000E+0000 0.00000000000000E+0000 0.00000000000000E+0000 0.00000000000000E+0000 0.00000000000000E+0000 0.00000000000000E+0000 0.00000000000000E+0000 0.00000000000000E+0000 0.00000000000000E+0000 0.00000000000000E+0000 0.00000000000000E+0000 0.00000000000000E+0000 0.00000000000000E+0000 0.00000000000000E+0000
1.90778175760100E+0002 1.86987755102041E+0002 1.83165347771762E+0002 1.79310953769263E+0002 1.75424573094544E+0002 1.71506205747605E+0002 1.67555851728446E+0002 1.63573511037068E+0002 1.59559183673469E+0002 1.55512869637651E+0002 1.51434568929613E+0002 1.47324281549354E+0002 1.43182007496876E+0002 1.39007746772178E+0002 1.34801499375260E+0002 1.30563265306122E+0002 1.26293044564764E+0002 1.21990837151187E+0002 1.17656643065389E+0002 1.13290462307371E+0002 1.08892294877134E+0002 1.04462140774677E+0002 1.00000000000000E+0002 0.00000000000000E+0000 0.00000000000000E+0000 0.00000000000000E+0000 0.00000000000000E+0000 0.00000000000000E+0000 0.00000000000000E+0000 0.00000000000000E+0000 0.00000000000000E+0000 0.00000000000000E+0000 0.00000000000000E+0000 0.00000000000000E+0000 0.00000000000000E+0000 0.00000000000000E+0000 0.00000000000000E+0000 0.00000000000000E+0000 0.00000000000000E+0000
1.96283370179552E+0002 1.92452724093846E+0002 1.88589751880834E+0002 1.84694453540516E+0002 1.80766829072893E+0002 1.76806878477964E+0002 1.72814601755730E+0002 1.68789998906190E+0002 1.64733069929345E+0002 1.60643814825194E+0002 1.56522233593738E+0002 1.52368326234976E+0002 1.48182092748908E+0002 1.43963533135535E+0002 1.39712647394857E+0002 1.35429435526872E+0002 1.31113897531583E+0002 1.26766033408987E+0002 1.22385843159086E+0002 1.17973326781880E+0002 1.13528484277368E+0002 1.09051315645551E+0002 1.04541820886428E+0002 1.00000000000000E+0002 0.00000000000000E+0000 0.00000000000000E+0000 0.00000000000000E+0000 0.00000000000000E+0000 0.00000000000000E+0000 0.00000000000000E+0000 0.00000000000000E+0000 0.00000000000000E+0000 0.00000000000000E+0000 0.00000000000000E+0000 0.00000000000000E+0000 0.00000000000000E+0000 0.00000000000000E+0000 0.00000000000000E+0000 0.00000000000000E+0000
2.01862955061017E+0002 1.97994121671680E+0002 1.94092639899311E+0002 1.90158509743909E+0002 1.86191731205476E+0002 1.82192304284009E+0002 1.78160228979511E+0002 1.74095505291980E+0002 1.69998133221417E+0002 1.65868112767821E+0002 1.61705443931193E+0002 1.57510126711532E+0002 1.53282161108839E+0002 1.49021547123114E+0002 1.44728284754357E+0002 1.40402374002567E+0002 1.36043814867744E+0002 1.31652607349890E+0002 1.27228751449002E+0002 1.22772247165083E+0002 1.18283094498131E+0002 1.13761293448147E+0002 1.09206844015130E+0002 1.04619746199081E+0002 1.00000000000000E+0002 0.00000000000000E+0000 0.00000000000000E+0000 0.00000000000000E+0000 0.00000000000000E+0000 0.00000000000000E+0000 0.00000000000000E+0000 0.00000000000000E+0000 0.00000000000000E+0000 0.00000000000000E+0000 0.00000000000000E+0000 0.00000000000000E+0000 0.00000000000000E+0000 0.00000000000000E+0000 0.00000000000000E+0000
2.07512617252877E+0002 2.03607561269899E+0002 1.99669551227993E+0002 1.95698587127159E+0002 1.91694668967396E+0002 1.87657796748706E+0002 1.83587970471087E+0002 1.79485190134541E+0002 1.75349455739066E+0002 1.71180767284663E+0002 1.66979124771333E+0002 1.62744528199074E+0002 1.58476977567887E+0002 1.54176472877772E+0002 1.49843014128728E+0002 1.45476601320757E+0002 1.41077234453858E+0002 1.36644913528030E+0002 1.32179638543275E+0002 1.27681409499591E+0002 1.23150226396979E+0002 1.18586089235439E+0002 1.13988998014972E+0002 1.09358952735576E+0002 1.04695953397252E+0002 1.00000000000000E+0002 0.00000000000000E+0000 0.00000000000000E+0000 0.00000000000000E+0000 0.00000000000000E+0000 0.00000000000000E+0000 0.00000000000000E+0000 0.00000000000000E+0000 0.00000000000000E+0000 0.00000000000000E+0000 0.00000000000000E+0000 0.00000000000000E+0000 0.00000000000000E+0000 0.00000000000000E+0000
2.13228213095938E+0002 2.09288828700204E+0002 2.05316200554296E+0002 2.01310328658212E+0002 1.97271213011954E+0002 1.93198853615520E+0002 1.89093250468912E+0002 1.84954403572128E+0002 1.80782312925170E+0002 1.76576978528037E+0002 1.72338400380728E+0002 1.68066578483245E+0002 1.63761512835587E+0002 1.59423203437754E+0002 1.55051650289746E+0002 1.50646853391562E+0002 1.46208812743204E+0002 1.41737528344671E+0002 1.37233000195963E+0002 1.32695228297080E+0002 1.28124212648022E+0002 1.23519953248789E+0002 1.18882450099381E+0002 1.14211703199798E+0002 1.09507712550040E+0002 1.04770478150107E+0002 1.00000000000000E+0002 0.00000000000000E+0000 0.00000000000000E+0000 0.00000000000000E+0000 0.00000000000000E+0000 0.00000000000000E+0000 0.00000000000000E+0000 0.00000000000000E+0000 0.00000000000000E+0000 0.00000000000000E+0000 0.00000000000000E+0000 0.00000000000000E+0000 0.00000000000000E+0000
2.19005760877478E+0002 2.15033874477258E+0002 2.11028470048344E+0002 2.06989547590737E+0002 2.02917107104435E+0002 1.98811148589440E+0002 1.94671672045751E+0002 1.90498677473367E+0002 1.86292164872291E+0002 1.82052134242520E+0002 1.77778585584055E+0002 1.73471518896897E+0002 1.69130934181045E+0002 1.64756831436499E+0002 1.60349210663259E+0002 1.55908071861325E+0002 1.51433415030697E+0002 1.46925240171376E+0002 1.42383547283360E+0002 1.37808336366651E+0002 1.33199607421248E+0002 1.28557360447152E+0002 1.23881595444360E+0002 1.19172312412876E+0002 1.14429511352698E+0002 1.09653192263825E+0002 1.04843355146259E+0002 1.00000000000000E+0002 0.00000000000000E+0000 0.00000000000000E+0000 0.00000000000000E+0000 0.00000000000000E+0000 0.00000000000000E+0000 0.00000000000000E+0000 0.00000000000000E+0000 0.00000000000000E+0000 0.00000000000000E+0000 0.00000000000000E+0000 0.00000000000000E+0000
2.24841433664853E+0002 2.20838806530306E+0002 2.16802401951586E+0002 2.12732219928692E+0002 2.08628260461625E+0002 2.04490523550385E+0002 2.00319009194971E+0002 1.96113717395384E+0002 1.91874648151623E+0002 1.87601801463689E+0002 1.83295177331582E+0002 1.78954775755301E+0002 1.74580596734847E+0002 1.70172640270220E+0002 1.65730906361419E+0002 1.61255395008444E+0002 1.56746106211297E+0002 1.52203039969976E+0002 1.47626196284481E+0002 1.43015575154813E+0002 1.38371176580972E+0002 1.33693000562957E+0002 1.28981047100769E+0002 1.24235316194408E+0002 1.19455807843873E+0002 1.14642522049164E+0002 1.09795458810283E+0002 1.04914618127228E+0002 1.00000000000000E+0002 0.00000000000000E+0000 0.00000000000000E+0000 0.00000000000000E+0000 0.00000000000000E+0000 0.00000000000000E+0000 0.00000000000000E+0000 0.00000000000000E+0000 0.00000000000000E+0000 0.00000000000000E+0000 0.00000000000000E+0000
2.30731552497285E+0002 2.26699883279086E+0002 2.22634191535840E+0002 2.18534477267545E+0002 2.14400740474202E+0002 2.10232981155811E+0002 2.06031199312372E+0002 2.01795394943885E+0002 1.97525568050349E+0002 1.93221718631766E+0002 1.88883846688135E+0002 1.84511952219455E+0002 1.80106035225727E+0002 1.75666095706952E+0002 1.71192133663128E+0002 1.66684149094256E+0002 1.62142142000336E+0002 1.57566112381368E+0002 1.52956060237352E+0002 1.48311985568288E+0002 1.43633888374175E+0002 1.38921768655015E+0002 1.34175626410806E+0002 1.29395461641550E+0002 1.24581274347244E+0002 1.19733064527892E+0002 1.14850832183491E+0002 1.09934577314042E+0002 1.04984299919545E+0002 1.00000000000000E+0002 0.00000000000000E+0000 0.00000000000000E+0000 0.00000000000000E+0000 0.00000000000000E+0000 0.00000000000000E+0000 0.00000000000000E+0000 0.00000000000000E+0000 0.00000000000000E+0000 0.00000000000000E+0000
2.36672579915823E+0002 2.32613507053662E+0002 2.28520180412072E+0002 2.24392599991056E+0002 2.20230765790611E+0002 2.16034677810740E+0002 2.11804336051440E+0002 2.07539740512713E+0002 2.03240891194559E+0002 1.98907788096977E+0002 1.94540431219968E+0002 1.90138820563531E+0002 1.85702956127667E+0002 1.81232837912375E+0002 1.76728465917655E+0002 1.72189840143508E+0002 1.67616960589934E+0002 1.63009827256931E+0002 1.58368440144502E+0002 1.53692799252645E+0002 1.48982904581360E+0002 1.44238756130648E+0002 1.39460353900508E+0002 1.34647697890941E+0002 1.29800788101946E+0002 1.24919624533524E+0002 1.20004207185674E+0002 1.15054536058397E+0002 1.10070611151692E+0002 1.05052432465559E+0002 1.00000000000000E+0002 0.00000000000000E+0000 0.00000000000000E+0000 0.00000000000000E+0000 0.00000000000000E+0000 0.00000000000000E+0000 0.00000000000000E+0000 0.00000000000000E+0000 0.00000000000000E+0000
2.42661113812671E+0002 2.38576217839057E+0002 2.34456850169463E+0002 2.30303010803889E+0002 2.26114699742336E+0002 2.21891916984802E+0002 2.17634662531289E+0002 2.13342936381796E+0002 2.09016738536323E+0002 2.04656068994870E+0002 2.00260927757437E+0002 1.95831314824024E+0002 1.91367230194632E+0002 1.86868673869259E+0002 1.82335645847907E+0002 1.77768146130575E+0002 1.73166174717263E+0002 1.68529731607971E+0002 1.63858816802700E+0002 1.59153430301448E+0002 1.54413572104217E+0002 1.49639242211005E+0002 1.44830440621814E+0002 1.39987167336643E+0002 1.35109422355492E+0002 1.30197205678362E+0002 1.25250517305251E+0002 1.20269357236160E+0002 1.15253725471090E+0002 1.10203622010040E+0002 1.05119046853009E+0002 1.00000000000000E+0002 0.00000000000000E+0000 0.00000000000000E+0000 0.00000000000000E+0000 0.00000000000000E+0000 0.00000000000000E+0000 0.00000000000000E+0000 0.00000000000000E+0000
2.48693881582263E+0002 2.44584687326783E+0002 2.40440816326531E+0002 2.36262268581507E+0002 2.32049044091711E+0002 2.27801142857143E+0002 2.23518564877803E+0002 2.19201310153691E+0002 2.14849378684807E+0002 2.10462770471151E+0002 2.06041485512724E+0002 2.01585523809524E+0002 1.97094885361552E+0002 1.92569570168808E+0002 1.88009578231293E+0002 1.83414909549005E+0002 1.78785564121945E+0002 1.74121541950113E+0002 1.69422843033510E+0002 1.64689467372134E+0002 1.59921414965986E+0002 1.55118685815067E+0002 1.50281279919375E+0002 1.45409197278912E+0002 1.40502437893676E+0002 1.35561001763668E+0002 1.30584888888889E+0002 1.25574099269337E+0002 1.20528632905013E+0002 1.15448489795918E+0002 1.10333669942050E+0002 1.05184173343411E+0002 1.00000000000000E+0002 0.00000000000000E+0000 0.00000000000000E+0000 0.00000000000000E+0000 0.00000000000000E+0000 0.00000000000000E+0000 0.00000000000000E+0000
2.54767734557531E+0002 2.50635713256400E+0002 2.46468822577201E+0002 2.42267062519934E+0002 2.38030433084597E+0002 2.33758934271192E+0002 2.29452566079719E+0002 2.25111328510177E+0002 2.20735221562566E+0002 2.16324245236887E+0002 2.11878399533139E+0002 2.07397684451322E+0002 2.02882099991437E+0002 1.98331646153484E+0002 1.93746322937461E+0002 1.89126130343370E+0002 1.84471068371211E+0002 1.79781137020982E+0002 1.75056336292686E+0002 1.70296666186320E+0002 1.65502126701886E+0002 1.60672717839383E+0002 1.55808439598812E+0002 1.50909291980172E+0002 1.45975274983464E+0002 1.41006388608687E+0002 1.36002632855841E+0002 1.30964007724927E+0002 1.25890513215943E+0002 1.20782149328892E+0002 1.15638916063772E+0002 1.10460813420583E+0002 1.05247841399326E+0002 1.00000000000000E+0002 0.00000000000000E+0000 0.00000000000000E+0000 0.00000000000000E+0000 0.00000000000000E+0000 0.00000000000000E+0000
2.60879642715812E+0002 2.56726214031319E+0002 2.52537735315733E+0002 2.48314206569054E+0002 2.44055627791283E+0002 2.39761998982418E+0002 2.35433320142461E+0002 2.31069591271412E+0002 2.26670812369269E+0002 2.22236983436034E+0002 2.17768104471706E+0002 2.13264175476285E+0002 2.08725196449771E+0002 2.04151167392165E+0002 1.99542088303465E+0002 1.94897959183673E+0002 1.90218780032789E+0002 1.85504550850811E+0002 1.80755271637741E+0002 1.75970942393578E+0002 1.71151563118322E+0002 1.66297133811974E+0002 1.61407654474532E+0002 1.56483125105998E+0002 1.51523545706371E+0002 1.46528916275652E+0002 1.41499236813839E+0002 1.36434507320934E+0002 1.31334727796936E+0002 1.26199898241845E+0002 1.21030018655661E+0002 1.15825089038385E+0002 1.10585109390016E+0002 1.05310079710554E+0002 1.00000000000000E+0002 0.00000000000000E+0000 0.00000000000000E+0000 0.00000000000000E+0000 0.00000000000000E+0000
2.67026689639787E+0002 2.62853223593964E+0002 2.58644538425392E+0002 2.54400634134070E+0002 2.50121510719998E+0002 2.45807168183177E+0002 2.41457606523607E+0002 2.37072825741287E+0002 2.32652825836217E+0002 2.28197606808398E+0002 2.23707168657829E+0002 2.19181511384510E+0002 2.14620634988442E+0002 2.10024539469625E+0002 2.05393224828058E+0002 2.00726691063741E+0002 1.96024938176675E+0002 1.91287966166859E+0002 1.86515775034294E+0002 1.81708364778979E+0002 1.76865735400914E+0002 1.71987886900100E+0002 1.67074819276537E+0002 1.62126532530223E+0002 1.57143026661161E+0002 1.52124301669348E+0002 1.47070357554787E+0002 1.41981194317475E+0002 1.36856811957414E+0002 1.31697210474604E+0002 1.26502389869043E+0002 1.21272350140734E+0002 1.16007091289674E+0002 1.10706613315866E+0002 1.05370916219307E+0002 1.00000000000000E+0002 0.00000000000000E+0000 0.00000000000000E+0000 0.00000000000000E+0000
2.73206067719717E+0002 2.69013886546354E+0002 2.64786328316676E+0002 2.60523393030682E+0002 2.56225080688372E+0002 2.51891391289748E+0002 2.47522324834808E+0002 2.43117881323553E+0002 2.38678060755983E+0002 2.34202863132097E+0002 2.29692288451896E+0002 2.25146336715380E+0002 2.20565007922548E+0002 2.15948302073401E+0002 2.11296219167939E+0002 2.06608759206162E+0002 2.01885922188069E+0002 1.97127708113661E+0002 1.92334116982938E+0002 1.87505148795899E+0002 1.82640803552545E+0002 1.77741081252876E+0002 1.72805981896891E+0002 1.67835505484591E+0002 1.62829652015976E+0002 1.57788421491045E+0002 1.52711813909800E+0002 1.47599829272238E+0002 1.42452467578362E+0002 1.37269728828170E+0002 1.32051613021663E+0002 1.26798120158841E+0002 1.21509250239703E+0002 1.16185003264250E+0002 1.10825379232482E+0002 1.05430378144398E+0002 1.00000000000000E+0002 0.00000000000000E+0000 0.00000000000000E+0000
2.79415073584064E+0002 2.75205453502941E+0002 2.70960309201724E+0002 2.66679640680414E+0002 2.62363447939009E+0002 2.58011730977511E+0002 2.53624489795918E+0002 2.49201724394232E+0002 2.44743434772452E+0002 2.40249620930578E+0002 2.35720282868611E+0002 2.31155420586549E+0002 2.26555034084393E+0002 2.21919123362144E+0002 2.17247688419801E+0002 2.12540729257364E+0002 2.07798245874833E+0002 2.03020238272208E+0002 1.98206706449489E+0002 1.93357650406677E+0002 1.88473070143770E+0002 1.83552965660770E+0002 1.78597336957676E+0002 1.73606184034488E+0002 1.68579506891206E+0002 1.63517305527830E+0002 1.58419579944361E+0002 1.53286330140797E+0002 1.48117556117140E+0002 1.42913257873389E+0002 1.37673435409544E+0002 1.32398088725605E+0002 1.27087217821571E+0002 1.21740822697445E+0002 1.16358903353224E+0002 1.10941459788910E+0002 1.05488492004502E+0002 1.00000000000000E+0002 0.00000000000000E+0000
