conditions/HXY1.grd
DSAA
385   420
0   384
0   419
0   800
[rows 374 to 390 of 420, columns 78 to 116 of 385]
4.66541489255510E+0002 4.66131019788587E+0002 4.65715387183715E+0002 4.65294591440894E+0002 4.64868632560125E+0002 4.64437510541407E+0002 4.64001225384740E+0002 4.63559777090124E+0002 4.63113165657560E+0002 4.62661391087047E+0002 4.62204453378585E+0002 4.61742352532175E+0002 4.61275088547816E+0002 4.60802661425508E+0002 4.60325071165251E+0002 4.59842317767046E+0002 4.59354401230892E+0002 4.58861321556789E+0002 4.58363078744738E+0002 4.57859672794738E+0002 4.57351103706789E+0002 4.56837371480891E+0002 4.56318476117045E+0002 4.55794417615250E+0002 4.55265195975506E+0002 4.54730811197814E+0002 4.54191263282172E+0002 4.53646552228582E+0002 4.53096678037044E+0002 4.52541640707556E+0002 4.51981440240120E+0002 4.51416076634735E+0002 4.50845549891402E+0002 4.50269860010120E+0002 4.49689006990889E+0002 4.49102990833709E+0002 4.48511811538581E+0002 4.47915469105504E+0002 4.47313963534478E+0002
4.59351845821817E+0002 4.58949427637474E+0002 4.58541947589178E+0002 4.58129405676928E+0002 4.57711801900723E+0002 4.57289136260565E+0002 4.56861408756452E+0002 4.56428619388386E+0002 4.55990768156366E+0002 4.55547855060392E+0002 4.55099880100463E+0002 4.54646843276581E+0002 4.54188744588745E+0002 4.53725584036954E+0002 4.53257361621210E+0002 4.52784077341512E+0002 4.52305731197859E+0002 4.51822323190253E+0002 4.51333853318693E+0002 4.50840321583179E+0002 4.50341727983711E+0002 4.49838072520288E+0002 4.49329355192912E+0002 4.48815576001582E+0002 4.48296734946298E+0002 4.47772832027059E+0002 4.47243867243867E+0002 4.46709840596721E+0002 4.46170752085621E+0002 4.45626601710567E+0002 4.45077389471559E+0002 4.44523115368596E+0002 4.43963779401680E+0002 4.43399381570810E+0002 4.42829921875986E+0002 4.42255400317208E+0002 4.41675816894476E+0002 4.41091171607790E+0002 4.40501464457150E+0002
4.52118760433841E+0002 4.51724442180313E+0002 4.51325163948753E+0002 4.50920925739161E+0002 4.50511727551537E+0002 4.50097569385881E+0002 4.49678451242194E+0002 4.49254373120474E+0002 4.48825335020723E+0002 4.48391336942940E+0002 4.47952378887126E+0002 4.47508460853279E+0002 4.47059582841401E+0002 4.46605744851491E+0002 4.46146946883549E+0002 4.45683188937575E+0002 4.45214471013570E+0002 4.44740793111533E+0002 4.44262155231463E+0002 4.43778557373363E+0002 4.43289999537230E+0002 4.42796481723065E+0002 4.42298003930869E+0002 4.41794566160641E+0002 4.41286168412381E+0002 4.40772810686089E+0002 4.40254492981766E+0002 4.39731215299410E+0002 4.39202977639023E+0002 4.38669780000604E+0002 4.38131622384154E+0002 4.37588504789671E+0002 4.37040427217157E+0002 4.36487389666610E+0002 4.35929392138033E+0002 4.35366434631423E+0002 4.34798517146781E+0002 4.34225639684108E+0002 4.33647802243403E+0002
4.44842233091584E+0002 4.44456063417102E+0002 4.44065036262439E+0002 4.43669151627593E+0002 4.43268409512565E+0002 4.42862809917355E+0002 4.42452352841963E+0002 4.42037038286389E+0002 4.41616866250633E+0002 4.41191836734694E+0002 4.40761949738573E+0002 4.40327205262270E+0002 4.39887603305785E+0002 4.39443143869118E+0002 4.38993826952268E+0002 4.38539652555237E+0002 4.38080620678023E+0002 4.37616731320627E+0002 4.37147984483049E+0002 4.36674380165289E+0002 4.36195918367347E+0002 4.35712599089223E+0002 4.35224422330916E+0002 4.34731388092427E+0002 4.34233496373756E+0002 4.33730747174903E+0002 4.33223140495868E+0002 4.32710676336650E+0002 4.32193354697251E+0002 4.31671175577669E+0002 4.31144138977905E+0002 4.30612244897959E+0002 4.30075493337831E+0002 4.29533884297521E+0002 4.28987417777028E+0002 4.28436093776353E+0002 4.27879912295497E+0002 4.27318873334458E+0002 4.26752976893237E+0002
4.37522263795044E+0002 4.37144291347843E+0002 4.36761564530237E+0002 4.36374083342225E+0002 4.35981847783809E+0002 4.35584857854988E+0002 4.35183113555761E+0002 4.34776614886130E+0002 4.34365361846093E+0002 4.33949354435652E+0002 4.33528592654805E+0002 4.33103076503554E+0002 4.32672805981897E+0002 4.32237781089835E+0002 4.31798001827368E+0002 4.31353468194497E+0002 4.30904180191220E+0002 4.30450137817538E+0002 4.29991341073451E+0002 4.29527789958959E+0002 4.29059484474062E+0002 4.28586424618760E+0002 4.28108610393052E+0002 4.27626041796940E+0002 4.27138718830423E+0002 4.26646641493501E+0002 4.26149809786173E+0002 4.25648223708441E+0002 4.25141883260304E+0002 4.24630788441761E+0002 4.24114939252814E+0002 4.23594335693461E+0002 4.23068977763703E+0002 4.22538865463541E+0002 4.22003998792973E+0002 4.21464377752000E+0002 4.20920002340623E+0002 4.20370872558840E+0002 4.19816988406652E+0002
4.30158852544222E+0002 4.29789125972534E+0002 4.29414748752146E+0002 4.29035720883057E+0002 4.28652042365268E+0002 4.28263713198778E+0002 4.27870733383588E+0002 4.27473102919697E+0002 4.27070821807106E+0002 4.26663890045814E+0002 4.26252307635822E+0002 4.25836074577129E+0002 4.25415190869736E+0002 4.24989656513643E+0002 4.24559471508849E+0002 4.24124635855354E+0002 4.23685149553159E+0002 4.23241012602264E+0002 4.22792225002668E+0002 4.22338786754371E+0002 4.21880697857374E+0002 4.21417958311677E+0002 4.20950568117279E+0002 4.20478527274181E+0002 4.20001835782382E+0002 4.19520493641882E+0002 4.19034500852683E+0002 4.18543857414782E+0002 4.18048563328182E+0002 4.17548618592880E+0002 4.17044023208879E+0002 4.16534777176177E+0002 4.16020880494774E+0002 4.15502333164671E+0002 4.14979135185867E+0002 4.14451286558363E+0002 4.13918787282159E+0002 4.13381637357254E+0002 4.12839836783648E+0002
4.22751999339118E+0002 4.22390567291177E+0002 4.22024588928167E+0002 4.21654064250089E+0002 4.21278993256942E+0002 4.20899375948727E+0002 4.20515212325443E+0002 4.20126502387091E+0002 4.19733246133670E+0002 4.19335443565181E+0002 4.18933094681624E+0002 4.18526199482998E+0002 4.18114757969303E+0002 4.17698770140541E+0002 4.17278235996709E+0002 4.16853155537810E+0002 4.16423528763842E+0002 4.15989355674805E+0002 4.15550636270700E+0002 4.15107370551526E+0002 4.14659558517284E+0002 4.14207200167974E+0002 4.13750295503595E+0002 4.13288844524148E+0002 4.12822847229632E+0002 4.12352303620048E+0002 4.11877213695395E+0002 4.11397577455674E+0002 4.10913394900885E+0002 4.10424666031027E+0002 4.09931390846101E+0002 4.09433569346106E+0002 4.08931201531043E+0002 4.08424287400911E+0002 4.07912826955711E+0002 4.07396820195442E+0002 4.06876267120105E+0002 4.06351167729699E+0002 4.05821522024225E+0002
4.15301704179732E+0002 4.14948615303770E+0002 4.14591085058299E+0002 4.14229113443320E+0002 4.13862700458831E+0002 4.13491846104833E+0002 4.13116550381326E+0002 4.12736813288311E+0002 4.12352634825786E+0002 4.11964014993753E+0002 4.11570953792210E+0002 4.11173451221159E+0002 4.10771507280598E+0002 4.10365121970529E+0002 4.09954295290950E+0002 4.09539027241863E+0002 4.09119317823267E+0002 4.08695167035162E+0002 4.08266574877548E+0002 4.07833541350425E+0002 4.07396066453792E+0002 4.06954150187651E+0002 4.06507792552001E+0002 4.06056993546842E+0002 4.05601753172175E+0002 4.05142071427998E+0002 4.04677948314312E+0002 4.04209383831117E+0002 4.03736377978414E+0002 4.03258930756201E+0002 4.02777042164479E+0002 4.02290712203249E+0002 4.01799940872509E+0002 4.01304728172261E+0002 4.00805074102503E+0002 4.00300978663237E+0002 3.99792441854461E+0002 3.99279463676177E+0002 3.98762044128384E+0002
4.07807967066064E+0002 4.07463270010315E+0002 4.07114237142544E+0002 4.06760868462750E+0002 4.06403163970935E+0002 4.06041123667098E+0002 4.05674747551238E+0002 4.05304035623357E+0002 4.04928987883454E+0002 4.04549604331529E+0002 4.04165884967581E+0002 4.03777829791612E+0002 4.03385438803621E+0002 4.02988712003607E+0002 4.02587649391572E+0002 4.02182250967515E+0002 4.01772516731435E+0002 4.01358446683334E+0002 4.00940040823211E+0002 4.00517299151065E+0002 4.00090221666898E+0002 3.99658808370709E+0002 3.99223059262497E+0002 3.98782974342264E+0002 3.98338553610009E+0002 3.97889797065731E+0002 3.97436704709432E+0002 3.96979276541111E+0002 3.96517512560767E+0002 3.96051412768402E+0002 3.95580977164015E+0002 3.95106205747605E+0002 3.94627098519174E+0002 3.94143655478720E+0002 3.93655876626245E+0002 3.93163761961748E+0002 3.92667311485228E+0002 3.92166525196687E+0002 3.91661403096123E+0002
4.00270787998114E+0002 3.99934531410810E+0002 3.99594045180899E+0002 3.99249329308380E+0002 3.98900383793254E+0002 3.98547208635520E+0002 3.98189803835179E+0002 3.97828169392230E+0002 3.97462305306673E+0002 3.97092211578509E+0002 3.96717888207737E+0002 3.96339335194358E+0002 3.95956552538371E+0002 3.95569540239776E+0002 3.95178298298574E+0002 3.94782826714764E+0002 3.94383125488347E+0002 3.93979194619322E+0002 3.93571034107689E+0002 3.93158643953449E+0002 3.92742024156601E+0002 3.92321174717146E+0002 3.91896095635083E+0002 3.91466786910413E+0002 3.91033248543135E+0002 3.90595480533249E+0002 3.90153482880756E+0002 3.89707255585655E+0002 3.89256798647946E+0002 3.88802112067630E+0002 3.88343195844707E+0002 3.87880049979175E+0002 3.87412674471037E+0002 3.86941069320290E+0002 3.86465234526936E+0002 3.85985170090974E+0002 3.85500876012405E+0002 3.85012352291228E+0002 3.84519598927444E+0002
3.92690166975881E+0002 3.92362399505257E+0002 3.92030509173366E+0002 3.91694495980210E+0002 3.91354359925788E+0002 3.91010101010101E+0002 3.90661719233148E+0002 3.90309214594929E+0002 3.89952587095444E+0002 3.89591836734694E+0002 3.89226963512678E+0002 3.88857967429396E+0002 3.88484848484848E+0002 3.88107606679035E+0002 3.87726242011956E+0002 3.87340754483612E+0002 3.86951144094001E+0002 3.86557410843125E+0002 3.86159554730983E+0002 3.85757575757576E+0002 3.85351473922902E+0002 3.84941249226964E+0002 3.84526901669759E+0002 3.84108431251288E+0002 3.83685837971552E+0002 3.83259121830550E+0002 3.82828282828283E+0002 3.82393320964750E+0002 3.81954236239951E+0002 3.81511028653886E+0002 3.81063698206555E+0002 3.80612244897959E+0002 3.80156668728097E+0002 3.79696969696970E+0002 3.79233147804576E+0002 3.78765203050917E+0002 3.78293135435993E+0002 3.77816944959802E+0002 3.77336631622346E+0002
3.85066103999367E+0002 3.84746874293654E+0002 3.84423629119945E+0002 3.84096368478240E+0002 3.83765092368538E+0002 3.83429800790840E+0002 3.83090493745145E+0002 3.82747171231454E+0002 3.82399833249767E+0002 3.82048479800083E+0002 3.81693110882403E+0002 3.81333726496727E+0002 3.80970326643054E+0002 3.80602911321385E+0002 3.80231480531719E+0002 3.79856034274057E+0002 3.79476572548399E+0002 3.79093095354744E+0002 3.78705602693093E+0002 3.78314094563445E+0002 3.77918570965801E+0002 3.77519031900161E+0002 3.77115477366524E+0002 3.76707907364891E+0002 3.76296321895262E+0002 3.75880720957636E+0002 3.75461104552014E+0002 3.75037472678395E+0002 3.74609825336780E+0002 3.74178162527169E+0002 3.73742484249561E+0002 3.73302790503957E+0002 3.72859081290356E+0002 3.72411356608759E+0002 3.71959616459166E+0002 3.71503860841576E+0002 3.71044089755990E+0002 3.70580303202408E+0002 3.70112501180829E+0002
3.77398599068570E+0002 3.77087955776002E+0002 3.76773405020635E+0002 3.76454946802469E+0002 3.76132581121502E+0002 3.75806307977737E+0002 3.75476127371171E+0002 3.75142039301806E+0002 3.74804043769641E+0002 3.74462140774677E+0002 3.74116330316913E+0002 3.73766612396350E+0002 3.73412987012987E+0002 3.73055454166824E+0002 3.72694013857862E+0002 3.72328666086100E+0002 3.71959410851539E+0002 3.71586248154178E+0002 3.71209177994018E+0002 3.70828200371058E+0002 3.70443315285298E+0002 3.70054522736738E+0002 3.69661822725380E+0002 3.69265215251221E+0002 3.68864700314263E+0002 3.68460277914505E+0002 3.68051948051948E+0002 3.67639710726591E+0002 3.67223565938435E+0002 3.66803513687479E+0002 3.66379553973723E+0002 3.65951686797168E+0002 3.65519912157813E+0002 3.65084230055659E+0002 3.64644640490705E+0002 3.64201143462951E+0002 3.63753738972398E+0002 3.63302427019045E+0002 3.62847207602893E+0002
3.69687652183491E+0002 3.69385643952302E+0002 3.69079836875437E+0002 3.68770230952897E+0002 3.68456826184682E+0002 3.68139622570791E+0002 3.67818620111225E+0002 3.67493818805984E+0002 3.67165218655068E+0002 3.66832819658476E+0002 3.66496621816208E+0002 3.66156625128266E+0002 3.65812829594648E+0002 3.65465235215355E+0002 3.65113841990386E+0002 3.64758649919742E+0002 3.64399659003423E+0002 3.64036869241428E+0002 3.63670280633758E+0002 3.63299893180413E+0002 3.62925706881392E+0002 3.62547721736696E+0002 3.62165937746325E+0002 3.61780354910278E+0002 3.61390973228556E+0002 3.60997792701159E+0002 3.60600813328086E+0002 3.60200035109338E+0002 3.59795458044915E+0002 3.59387082134816E+0002 3.58974907379042E+0002 3.58558933777593E+0002 3.58139161330468E+0002 3.57715590037668E+0002 3.57288219899193E+0002 3.56857050915042E+0002 3.56422083085216E+0002 3.55983316409715E+0002 3.55540750888538E+0002
3.61933263344130E+0002 3.61639938822552E+0002 3.61342924684351E+0002 3.61042220929525E+0002 3.60737827558077E+0002 3.60429744570004E+0002 3.60117971965308E+0002 3.59802509743989E+0002 3.59483357906045E+0002 3.59160516451479E+0002 3.58833985380288E+0002 3.58503764692474E+0002 3.58169854388036E+0002 3.57832254466975E+0002 3.57490964929290E+0002 3.57145985774981E+0002 3.56797317004049E+0002 3.56444958616493E+0002 3.56088910612314E+0002 3.55729172991511E+0002 3.55365745754084E+0002 3.54998628900034E+0002 3.54627822429360E+0002 3.54253326342062E+0002 3.53875140638141E+0002 3.53493265317596E+0002 3.53107700380428E+0002 3.52718445826636E+0002 3.52325501656220E+0002 3.51928867869181E+0002 3.51528544465518E+0002 3.51124531445231E+0002 3.50716828808321E+0002 3.50305436554787E+0002 3.49890354684630E+0002 3.49471583197849E+0002 3.49049122094444E+0002 3.48622971374416E+0002 3.48193131037764E+0002
3.54135432550487E+0002 3.53850840386753E+0002 3.53562668447376E+0002 3.53270916732353E+0002 3.52975585241686E+0002 3.52676673975375E+0002 3.52374182933420E+0002 3.52068112115820E+0002 3.51758461522575E+0002 3.51445231153686E+0002 3.51128421009153E+0002 3.50808031088975E+0002 3.50484061393152E+0002 3.50156511921686E+0002 3.49825382674574E+0002 3.49490673651819E+0002 3.49152384853419E+0002 3.48810516279374E+0002 3.48465067929685E+0002 3.48116039804352E+0002 3.47763431903374E+0002 3.47407244226751E+0002 3.47047476774484E+0002 3.46684129546573E+0002 3.46317202543018E+0002 3.45946695763817E+0002 3.45572609208973E+0002 3.45194942878484E+0002 3.44813696772350E+0002 3.44428870890572E+0002 3.44040465233150E+0002 3.43648479800083E+0002 3.43252914591372E+0002 3.42853769607016E+0002 3.42451044847016E+0002 3.42044740311372E+0002 3.41634856000083E+0002 3.41221391913149E+0002 3.40804348050571E+0002
3.46294159802562E+0002 3.46018348644906E+0002 3.45739068164512E+0002 3.45456318361381E+0002 3.45170099235511E+0002 3.44880410786904E+0002 3.44587253015559E+0002 3.44290625921477E+0002 3.43990529504656E+0002 3.43686963765098E+0002 3.43379928702802E+0002 3.43069424317768E+0002 3.42755450609996E+0002 3.42438007579487E+0002 3.42117095226239E+0002 3.41792713550254E+0002 3.41464862551531E+0002 3.41133542230070E+0002 3.40798752585872E+0002 3.40460493618935E+0002 3.40118765329261E+0002 3.39773567716849E+0002 3.39424900781699E+0002 3.39072764523811E+0002 3.38717158943186E+0002 3.38358084039823E+0002 3.37995539813722E+0002 3.37629526264883E+0002 3.37260043393306E+0002 3.36887091198992E+0002 3.36510669681939E+0002 3.36130778842149E+0002 3.35747418679621E+0002 3.35360589194355E+0002 3.34970290386352E+0002 3.34576522255611E+0002 3.34179284802131E+0002 3.33778578025914E+0002 3.33374401926960E+0002
