conditions/HXY1.grd
DSAA
385   420
0   384
0   419
0   800
[rows 340 to 356 of 420, columns 39 to 77 of 385]
7.04267792460212E+0002 7.03933977004531E+0002 7.03591919191919E+0002 7.03241619022377E+0002 7.02883076495904E+0002 7.02516291612501E+0002 7.02141264372168E+0002 7.01757994774904E+0002 7.01366482820710E+0002 7.00966728509586E+0002 7.00558731841531E+0002 7.00142492816545E+0002 6.99718011434630E+0002 6.99285287695783E+0002 6.98844321600007E+0002 6.98395113147300E+0002 6.97937662337662E+0002 6.97471969171095E+0002 6.96998033647596E+0002 6.96515855767168E+0002 6.96025435529809E+0002 6.95526772935519E+0002 6.95019867984299E+0002 6.94504720676149E+0002 6.93981331011069E+0002 6.93449698989058E+0002 6.92909824610116E+0002 6.92361707874244E+0002 6.91805348781442E+0002 6.91240747331709E+0002 6.90667903525046E+0002 6.90086817361453E+0002 6.89497488840929E+0002 6.88899917963475E+0002 6.88294104729090E+0002 6.87680049137775E+0002 6.87057751189530E+0002 6.86427210884354E+0002 6.85788428222248E+0002
6.98368448408205E+0002 6.98037891925196E+0002 6.97699173553719E+0002 6.97352293293772E+0002 6.96997251145356E+0002 6.96634047108471E+0002 6.96262681183116E+0002 6.95883153369292E+0002 6.95495463666998E+0002 6.95099612076235E+0002 6.94695598597003E+0002 6.94283423229302E+0002 6.93863085973131E+0002 6.93434586828491E+0002 6.92997925795381E+0002 6.92553102873803E+0002 6.92100118063754E+0002 6.91638971365237E+0002 6.91169662778250E+0002 6.90692192302794E+0002 6.90206559938868E+0002 6.89712765686474E+0002 6.89210809545609E+0002 6.88700691516276E+0002 6.88182411598473E+0002 6.87655969792201E+0002 6.87121366097459E+0002 6.86578600514249E+0002 6.86027673042568E+0002 6.85468583682419E+0002 6.84901332433800E+0002 6.84325919296712E+0002 6.83742344271154E+0002 6.83150607357127E+0002 6.82550708554631E+0002 6.81942647863666E+0002 6.81326425284231E+0002 6.80702040816327E+0002 6.80069494459953E+0002
6.92424242424242E+0002 6.92096969696970E+0002 6.91761616161616E+0002 6.91418181818182E+0002 6.91066666666667E+0002 6.90707070707071E+0002 6.90339393939394E+0002 6.89963636363636E+0002 6.89579797979798E+0002 6.89187878787879E+0002 6.88787878787879E+0002 6.88379797979798E+0002 6.87963636363636E+0002 6.87539393939394E+0002 6.87107070707071E+0002 6.86666666666667E+0002 6.86218181818182E+0002 6.85761616161616E+0002 6.85296969696970E+0002 6.84824242424242E+0002 6.84343434343434E+0002 6.83854545454545E+0002 6.83357575757576E+0002 6.82852525252525E+0002 6.82339393939394E+0002 6.81818181818182E+0002 6.81288888888889E+0002 6.80751515151515E+0002 6.80206060606061E+0002 6.79652525252525E+0002 6.79090909090909E+0002 6.78521212121212E+0002 6.77943434343434E+0002 6.77357575757576E+0002 6.76763636363636E+0002 6.76161616161616E+0002 6.75551515151515E+0002 6.74933333333333E+0002 6.74307070707071E+0002
6.86435174508326E+0002 6.86111210319851E+0002 6.85779247015611E+0002 6.85439284595606E+0002 6.85091323059836E+0002 6.84735362408302E+0002 6.84371402641002E+0002 6.83999443757938E+0002 6.83619485759109E+0002 6.83231528644516E+0002 6.82835572414157E+0002 6.82431617068034E+0002 6.82019662606146E+0002 6.81599709028492E+0002 6.81171756335075E+0002 6.80735804525892E+0002 6.80291853600944E+0002 6.79839903560232E+0002 6.79379954403755E+0002 6.78912006131513E+0002 6.78436058743506E+0002 6.77952112239735E+0002 6.77460166620198E+0002 6.76960221884897E+0002 6.76452278033831E+0002 6.75936335067000E+0002 6.75412392984405E+0002 6.74880451786044E+0002 6.74340511471919E+0002 6.73792572042029E+0002 6.73236633496374E+0002 6.72672695834954E+0002 6.72100759057769E+0002 6.71520823164820E+0002 6.70932888156106E+0002 6.70336954031627E+0002 6.69733020791383E+0002 6.69121088435374E+0002 6.68501156963601E+0002
6.80401244660455E+0002 6.80080613793839E+0002 6.79752066115702E+0002 6.79415601626044E+0002 6.79071220324865E+0002 6.78718922212164E+0002 6.78358707287941E+0002 6.77990575552198E+0002 6.77614527004932E+0002 6.77230561646146E+0002 6.76838679475838E+0002 6.76438880494009E+0002 6.76031164700658E+0002 6.75615532095787E+0002 6.75191982679393E+0002 6.74760516451479E+0002 6.74321133412043E+0002 6.73873833561085E+0002 6.73418616898606E+0002 6.72955483424606E+0002 6.72484433139085E+0002 6.72005466042042E+0002 6.71518582133477E+0002 6.71023781413392E+0002 6.70521063881785E+0002 6.70010429538656E+0002 6.69491878384007E+0002 6.68965410417836E+0002 6.68431025640143E+0002 6.67888724050929E+0002 6.67338505650194E+0002 6.66780370437937E+0002 6.66214318414159E+0002 6.65640349578860E+0002 6.65058463932039E+0002 6.64468661473697E+0002 6.63870942203834E+0002 6.63265306122449E+0002 6.62651753229543E+0002
6.74322452880629E+0002 6.74005180118936E+0002 6.73680073461892E+0002 6.73347132909497E+0002 6.73006358461752E+0002 6.72657750118657E+0002 6.72301307880211E+0002 6.71937031746414E+0002 6.71564921717267E+0002 6.71184977792770E+0002 6.70797199972922E+0002 6.70401588257724E+0002 6.69998142647175E+0002 6.69586863141276E+0002 6.69167749740026E+0002 6.68740802443426E+0002 6.68306021251476E+0002 6.67863406164175E+0002 6.67412957181523E+0002 6.66954674303521E+0002 6.66488557530169E+0002 6.66014606861466E+0002 6.65532822297413E+0002 6.65043203838009E+0002 6.64545751483255E+0002 6.64040465233150E+0002 6.63527345087695E+0002 6.63006391046889E+0002 6.62477603110733E+0002 6.61940981279227E+0002 6.61396525552370E+0002 6.60844235930162E+0002 6.60284112412604E+0002 6.59716154999696E+0002 6.59140363691437E+0002 6.58556738487828E+0002 6.57965279388868E+0002 6.57365986394558E+0002 6.56758859504897E+0002
6.68198799168850E+0002 6.67884909295140E+0002 6.67563269054178E+0002 6.67233878445964E+0002 6.66896737470498E+0002 6.66551846127780E+0002 6.66199204417810E+0002 6.65838812340588E+0002 6.65470669896114E+0002 6.65094777084387E+0002 6.64711133905409E+0002 6.64319740359178E+0002 6.63920596445696E+0002 6.63513702164961E+0002 6.63099057516974E+0002 6.62676662501735E+0002 6.62246517119244E+0002 6.61808621369501E+0002 6.61362975252506E+0002 6.60909578768259E+0002 6.60448431916759E+0002 6.59979534698008E+0002 6.59502887112005E+0002 6.59018489158749E+0002 6.58526340838241E+0002 6.58026442150481E+0002 6.57518793095470E+0002 6.57003393673206E+0002 6.56480243883689E+0002 6.55949343726921E+0002 6.55410693202901E+0002 6.54864292311629E+0002 6.54310141053104E+0002 6.53748239427328E+0002 6.53178587434299E+0002 6.52601185074018E+0002 6.52016032346486E+0002 6.51423129251701E+0002 6.50822475789664E+0002
6.62030283525115E+0002 6.61719801322452E+0002 6.61401652892562E+0002 6.61075838235446E+0002 6.60742357351104E+0002 6.60401210239535E+0002 6.60052396900740E+0002 6.59695917334719E+0002 6.59331771541472E+0002 6.58959959520999E+0002 6.58580481273299E+0002 6.58193336798373E+0002 6.57798526096220E+0002 6.57396049166842E+0002 6.56985906010237E+0002 6.56568096626406E+0002 6.56142621015348E+0002 6.55709479177065E+0002 6.55268671111555E+0002 6.54820196818819E+0002 6.54364056298856E+0002 6.53900249551667E+0002 6.53428776577253E+0002 6.52949637375611E+0002 6.52462831946744E+0002 6.51968360290650E+0002 6.51466222407330E+0002 6.50956418296784E+0002 6.50438947959012E+0002 6.49913811394013E+0002 6.49381008601788E+0002 6.48840539582337E+0002 6.48292404335659E+0002 6.47736602861755E+0002 6.47173135160625E+0002 6.46602001232269E+0002 6.46023201076686E+0002 6.45436734693878E+0002 6.44842602083842E+0002
6.55816905949426E+0002 6.55509856200871E+0002 6.55195224977043E+0002 6.54873012277942E+0002 6.54543218103568E+0002 6.54205842453921E+0002 6.53860885329001E+0002 6.53508346728808E+0002 6.53148226653342E+0002 6.52780525102603E+0002 6.52405242076591E+0002 6.52022377575306E+0002 6.51631931598748E+0002 6.51233904146918E+0002 6.50828295219814E+0002 6.50415104817437E+0002 6.49994332939788E+0002 6.49565979586865E+0002 6.49130044758669E+0002 6.48686528455201E+0002 6.48235430676459E+0002 6.47776751422445E+0002 6.47310490693157E+0002 6.46836648488597E+0002 6.46355224808763E+0002 6.45866219653657E+0002 6.45369633023277E+0002 6.44865464917625E+0002 6.44353715336700E+0002 6.43834384280501E+0002 6.43307471749030E+0002 6.42772977742286E+0002 6.42230902260269E+0002 6.41681245302979E+0002 6.41124006870416E+0002 6.40559186962579E+0002 6.39986785579470E+0002 6.39406802721088E+0002 6.38819238387433E+0002
6.49558666441783E+0002 6.49255073930399E+0002 6.48943985307622E+0002 6.48625400573453E+0002 6.48299319727891E+0002 6.47965742770938E+0002 6.47624669702592E+0002 6.47276100522854E+0002 6.46920035231724E+0002 6.46556473829201E+0002 6.46185416315286E+0002 6.45806862689980E+0002 6.45420812953280E+0002 6.45027267105189E+0002 6.44626225145706E+0002 6.44217687074830E+0002 6.43801652892562E+0002 6.43378122598902E+0002 6.42947096193849E+0002 6.42508573677405E+0002 6.42062555049568E+0002 6.41609040310339E+0002 6.41148029459718E+0002 6.40679522497704E+0002 6.40203519424299E+0002 6.39720020239501E+0002 6.39229024943311E+0002 6.38730533535728E+0002 6.38224546016754E+0002 6.37711062386387E+0002 6.37190082644628E+0002 6.36661606791477E+0002 6.36125634826934E+0002 6.35582166750998E+0002 6.35031202563670E+0002 6.34472742264950E+0002 6.33906785854838E+0002 6.33333333333333E+0002 6.32752384700437E+0002
6.43255565002186E+0002 6.42955454511034E+0002 6.42647933884298E+0002 6.42333003121977E+0002 6.42010662224073E+0002 6.41680911190585E+0002 6.41343750021513E+0002 6.40999178716857E+0002 6.40647197276617E+0002 6.40287805700793E+0002 6.39921003989385E+0002 6.39546792142392E+0002 6.39165170159816E+0002 6.38776138041656E+0002 6.38379695787912E+0002 6.37975843398584E+0002 6.37564580873672E+0002 6.37145908213176E+0002 6.36719825417095E+0002 6.36286332485431E+0002 6.35845429418183E+0002 6.35397116215351E+0002 6.34941392876935E+0002 6.34478259402935E+0002 6.34007715793351E+0002 6.33529762048182E+0002 6.33044398167430E+0002 6.32551624151094E+0002 6.32051439999174E+0002 6.31543845711670E+0002 6.31028841288582E+0002 6.30506426729909E+0002 6.29976602035653E+0002 6.29439367205813E+0002 6.28894722240389E+0002 6.28342667139381E+0002 6.27783201902788E+0002 6.27216326530612E+0002 6.26642041022852E+0002
6.36907601630634E+0002 6.36610997942776E+0002 6.36307070707071E+0002 6.35995819923517E+0002 6.35677245592114E+0002 6.35351347712864E+0002 6.35018126285765E+0002 6.34677581310817E+0002 6.34329712788022E+0002 6.33974520717378E+0002 6.33612005098886E+0002 6.33242165932545E+0002 6.32865003218356E+0002 6.32480516956319E+0002 6.32088707146433E+0002 6.31689573788699E+0002 6.31283116883117E+0002 6.30869336429686E+0002 6.30448232428407E+0002 6.30019804879280E+0002 6.29584053782304E+0002 6.29140979137481E+0002 6.28690580944808E+0002 6.28232859204288E+0002 6.27767813915919E+0002 6.27295445079702E+0002 6.26815752695636E+0002 6.26328736763722E+0002 6.25834397283960E+0002 6.25332734256349E+0002 6.24823747680891E+0002 6.24307437557583E+0002 6.23783803886428E+0002 6.23252846667424E+0002 6.22714565900572E+0002 6.22168961585871E+0002 6.21616033723322E+0002 6.21055782312925E+0002 6.20488207354680E+0002
6.30514776327127E+0002 6.30221704225627E+0002 6.29921395775941E+0002 6.29613850978070E+0002 6.29299069832014E+0002 6.28977052337773E+0002 6.28647798495347E+0002 6.28311308304735E+0002 6.27967581765938E+0002 6.27616618878957E+0002 6.27258419643789E+0002 6.26892984060437E+0002 6.26520312128899E+0002 6.26140403849177E+0002 6.25753259221269E+0002 6.25358878245176E+0002 6.24957260920897E+0002 6.24548407248434E+0002 6.24132317227785E+0002 6.23708990858951E+0002 6.23278428141932E+0002 6.22840629076728E+0002 6.22395593663338E+0002 6.21943321901763E+0002 6.21483813792004E+0002 6.21017069334058E+0002 6.20543088527928E+0002 6.20061871373613E+0002 6.19573417871112E+0002 6.19077728020426E+0002 6.18574801821555E+0002 6.18064639274499E+0002 6.17547240379257E+0002 6.17022605135831E+0002 6.16490733544219E+0002 6.15951625604422E+0002 6.15405281316440E+0002 6.14851700680272E+0002 6.14290883695919E+0002
6.24077089091666E+0002 6.23787573359585E+0002 6.23490909090909E+0002 6.23187096285639E+0002 6.22876134943773E+0002 6.22558025065314E+0002 6.22232766650259E+0002 6.21900359698610E+0002 6.21560804210367E+0002 6.21214100185529E+0002 6.20860247624096E+0002 6.20499246526069E+0002 6.20131096891447E+0002 6.19755798720230E+0002 6.19373352012419E+0002 6.18983756768013E+0002 6.18587012987013E+0002 6.18183120669418E+0002 6.17772079815229E+0002 6.17353890424444E+0002 6.16928552497066E+0002 6.16496066033092E+0002 6.16056431032524E+0002 6.15609647495362E+0002 6.15155715421605E+0002 6.14694634811253E+0002 6.14226405664307E+0002 6.13751027980766E+0002 6.13268501760630E+0002 6.12778827003900E+0002 6.12282003710575E+0002 6.11778031880656E+0002 6.11266911514142E+0002 6.10748642611033E+0002 6.10223225171330E+0002 6.09690659195032E+0002 6.09150944682140E+0002 6.08604081632653E+0002 6.08050070046572E+0002
6.17594539924251E+0002 6.17308605344651E+0002 6.17015610651974E+0002 6.16715555846221E+0002 6.16408440927391E+0002 6.16094265895485E+0002 6.15773030750502E+0002 6.15444735492443E+0002 6.15109380121307E+0002 6.14766964637094E+0002 6.14417489039806E+0002 6.14060953329440E+0002 6.13697357505998E+0002 6.13326701569479E+0002 6.12948985519884E+0002 6.12564209357212E+0002 6.12172373081464E+0002 6.11773476692639E+0002 6.11367520190738E+0002 6.10954503575760E+0002 6.10534426847705E+0002 6.10107290006574E+0002 6.09673093052367E+0002 6.09231835985083E+0002 6.08783518804722E+0002 6.08328141511285E+0002 6.07865704104771E+0002 6.07396206585181E+0002 6.06919648952514E+0002 6.06436031206771E+0002 6.05945353347951E+0002 6.05447615376054E+0002 6.04942817291081E+0002 6.04430959093032E+0002 6.03912040781906E+0002 6.03386062357703E+0002 6.02853023820424E+0002 6.02312925170068E+0002 6.01765766406636E+0002
6.11067128824881E+0002 6.10784800180825E+0002 6.10495500459137E+0002 6.10199229659818E+0002 6.09895987782868E+0002 6.09585774828287E+0002 6.09268590796076E+0002 6.08944435686233E+0002 6.08613309498759E+0002 6.08275212233654E+0002 6.07930143890918E+0002 6.07578104470551E+0002 6.07219093972553E+0002 6.06853112396924E+0002 6.06480159743664E+0002 6.06100236012772E+0002 6.05713341204250E+0002 6.05319475318097E+0002 6.04918638354313E+0002 6.04510830312898E+0002 6.04096051193851E+0002 6.03674300997174E+0002 6.03245579722866E+0002 6.02809887370926E+0002 6.02367223941356E+0002 6.01917589434155E+0002 6.01460983849322E+0002 6.00997407186859E+0002 6.00526859446764E+0002 6.00049340629038E+0002 5.99564850733682E+0002 5.99073389760694E+0002 5.98574957710076E+0002 5.98069554581826E+0002 5.97557180375945E+0002 5.97037835092434E+0002 5.96511518731291E+0002 5.95978231292517E+0002 5.95437972776112E+0002
6.04494855793557E+0002 6.04216157868106E+0002 6.03930578512397E+0002 6.03638117726429E+0002 6.03338775510204E+0002 6.03032551863721E+0002 6.02719446786979E+0002 6.02399460279980E+0002 6.02072592342722E+0002 6.01738842975207E+0002 6.01398212177433E+0002 6.01050699949401E+0002 6.00696306291112E+0002 6.00335031202564E+0002 5.99966874683758E+0002 5.99591836734694E+0002 5.99209917355372E+0002 5.98821116545792E+0002 5.98425434305954E+0002 5.98022870635858E+0002 5.97613425535503E+0002 5.97197099004891E+0002 5.96773891044021E+0002 5.96343801652893E+0002 5.95906830831506E+0002 5.95462978579862E+0002 5.95012244897959E+0002 5.94554629785799E+0002 5.94090133243380E+0002 5.93618755270703E+0002 5.93140495867769E+0002 5.92655355034576E+0002 5.92163332771125E+0002 5.91664429077416E+0002 5.91158643953449E+0002 5.90645977399224E+0002 5.90126429414741E+0002 5.89600000000000E+0002 5.89066689155001E+0002
